15602693 7128327 433634 13418929 11565362 12664696 5848100 7172854 
5235548 9030850 7661917 7008568 11813654 9945920 6844343 13702366 
14318269 10210454 6509678 835070 6731289 7087929 12856539 6889692 
12776858 245449 13597043 12864836 3771262 1183347 14719759 3525792 
5505633 9222526 15612294 3954234 10216479 4607963 6278352 6256498 
8965641 4188567 11517081 4787336 12437441 8595388 11368452 10118555 
9240161 13300145 14038119 16097487 5192259 983632 8585426 1908736 
4447706 15522853 11434644 1914285 7365751 835981 7203267 9041151 
======================================
241297 1730954 11985355 15055579 8120600 1908544 9947332 7948618 
14826650 14654635 13599086 5430414 7022352 2055914 2019540 8547276 
15637263 15297387 11528089 4203944 10782184 14463601 11155640 12448517 
11142227 9521345 15959989 8661526 4165321 7879952 14186926 9482987 
3790842 7205009 1062683 879982 3263833 1522979 2147321 12200471 
13283075 1718163 5247648 5084194 14040433 8897463 3053788 3360232 
1608326 6290162 12173836 4434649 9973037 11885122 11197908 4452037 
16568818 11797678 9264944 10223127 16369438 9827386 1217797 13962997 
======================================
11000689 15885772 7156807 12139947 9498443 1105726 8871440 2434767 
14820372 12083945 3060050 14589119 16137865 6697199 3552020 13515479 
5848446 5430660 14675296 1355791 13677639 14975706 8049329 7556145 
12821082 886822 14027184 14690606 8334124 6265468 15354014 3377759 
2213775 12820998 7641475 210099 808447 10654625 4208697 11985024 
4336830 3785658 9041599 12814810 4394983 10182134 12289536 4820039 
137114 1495671 11983671 1657822 9253829 15305596 15070698 2278514 
5298922 16694661 16569430 14343657 3440073 11575453 10263261 8613178 
======================================
8350845 13418230 15086683 2369074 15027134 10793937 13815421 336373 
2475784 12439807 7190734 13890947 10154520 13992801 9015460 12612386 
12251902 12588787 1201325 3936742 8597472 11628435 6413392 7868214 
15854026 15103947 9073705 8739667 10680098 5030891 4357978 10689045 
6335443 14950787 913137 4022100 6965755 9993001 6858981 6681904 
10363012 14694534 3829159 11645142 13711808 15007947 9891400 5583838 
5582419 11601554 10298709 5378963 2221704 10686349 9977505 4908374 
1456835 14445450 16244369 15616623 11663012 11653507 7543045 1572038 
======================================
14693392 5834018 15909956 12010296 2437094 8873831 8018914 6465030 
5353273 16050252 4648930 10588658 8278288 6964606 12762328 14952414 
16777215 16777215 16777215 16777215 16777215 16777215 16777215 16777215 
16777215 16777215 16777215 16777215 16777215 16777215 16777215 16777215 
16777215 16777215 16777215 16777215 16777215 16777215 16777215 16777215 
16777215 16777215 16777215 16777215 16777215 16777215 16777215 16777215 
16777215 16777215 16777215 16777215 16777215 16777215 16777215 16777215 
16777215 16777215 16777215 16777215 16777215 16777215 16777215 16777215 
======================================
16180553 4661219 8153311 14660353 10646933 13668489 15456026 7837075 
13751818 9890316 5717170 6743892 14691828 4443340 7557680 2782031 
16777215 16777215 16777215 16777215 16777215 16777215 16777215 16777215 
16777215 16777215 16777215 16777215 16777215 16777215 16777215 16777215 
16777215 16777215 16777215 16777215 16777215 16777215 16777215 16777215 
16777215 16777215 16777215 16777215 16777215 16777215 16777215 16777215 
16777215 16777215 16777215 16777215 16777215 16777215 16777215 16777215 
16777215 16777215 16777215 16777215 16777215 16777215 16777215 16777215 
======================================
