5 7 226 177 50 120 36 246 145 138 203 219 24 64 196 74
92 194 93 56 22 64 183 222 154 171 110 142 16 234 212 204
189 150 110 254 25 57 219 220 15 107 153 168 232 113 184 5
154 201 115 68 126 115 15 160 83 193 181 22 201 16 174 235
97 126 134 58 31 219 208 114 250 145 27 110 89 35 249 23
9 151 153 136 193 188 4 155 3 147 160 34 113 183 220 232
97 177 103 207 67 80 210 0 134 242 12 217 45 66 212 197
218 37 148 173 119 141 195 255 242 174 48 23 30 58 5 245
113 204 71 171 75 62 16 207 125 246 91 50 190 209 125 245
20 233 82 191 137 239 20 215 8 255 206 131 24 97 164 34
126 132 96 15 71 218 177 49 254 243 173 230 224 147 80 54
90 38 176 46 44 124 158 95 202 203 41 83 34 235 90 21
143 6 131 179 255 161 57 128 211 131 241 84 251 41 229 48
190 186 191 218 231 246 0 71 132 134 167 214 192 203 72 222
154 119 55 222 197 124 234 114 83 146 85 147 136 141 161 86
234 133 86 233 201 157 221 58 195 138 145 111 164 131 5 198
16 34 68 56 230 103 226 6 73 227 223 1 149 137 26 147
57 76 226 242 16 126 216 222 10 12 178 84 244 204 48 79
