20 197 157 193 121 63 60 114 174 105 225 186 233 31 200 73
227 204 233 241 67 195 111 20 60 156 129 220 39 94 208 107
122 204 84 189 182 39 44 32 155 107 231 37 133 178 56 243
245 190 121 77 139 14 155 204 4 72 135 42 142 61 121 178
2 185 57 86 228 79 204 119 215 240 55 109 205 61 195 42
206 233 188 12 199 39 120 101 175 55 18 148 61 195 152 69
254 241 52 160 58 2 0 32 138 250 194 170 45 90 221 238
221 220 122 53 100 193 233 244 209 4 95 254 199 244 149 14
219 101 52 61 239 223 94 38 108 190 52 38 75 179 206 33
36 98 177 156 62 48 51 58 199 208 184 245 242 131 144 115
61 221 237 176 180 130 210 76 242 22 84 17 47 111 220 15
162 136 9 41 43 154 72 138 233 119 116 91 247 195 127 26
199 162 153 52 85 147 56 224 171 33 238 95 73 123 168 245
44 195 246 137 15 93 134 140 32 56 109 176 57 0 238 51
23 210 219 75 51 139 245 196 46 6 37 19 230 15 62 229
218 189 212 221 125 160 154 109 58 107 222 74 246 209 25 252
52 5 196 67 47 103 91 166 229 31 104 179 117 144 215 149
175 232 239 145 81 69 188 39 214 234 60 231 45 204 82 115
