Posisi ke0
Bit ke 0
0 0 0 1 0 1 0 1 
1 0 0 1 1 1 1 1 
0 1 1 0 0 0 0 1 
0 1 1 1 1 0 1 0 
0 0 0 1 0 0 1 0 
1 1 0 0 1 0 0 1 
1 1 0 0 0 1 0 0 
0 0 0 1 1 1 0 1 
Bit ke 1
1 1 1 0 1 0 1 1 
0 1 0 0 0 0 0 0 
0 1 0 0 1 1 1 0 
1 0 1 1 1 1 1 0 
0 1 0 1 0 1 1 0 
0 1 0 1 0 1 0 0 
0 0 1 0 0 0 1 0 
0 1 0 1 0 0 0 0 
Bit ke 2
1 0 1 0 1 1 0 0 
1 1 0 0 1 1 1 1 
0 1 1 1 0 0 0 0 
1 0 0 1 1 1 1 0 
1 0 1 1 0 1 0 0 
0 1 0 1 1 0 0 0 
0 1 1 0 0 1 1 0 
0 0 1 0 0 0 0 0 
Bit ke 3
0 0 0 1 0 0 0 0 
0 0 0 0 0 0 1 0 
1 1 1 0 1 1 0 1 
0 1 1 1 1 1 1 1 
1 1 1 1 0 0 0 0 
0 0 1 1 1 0 0 1 
0 0 1 0 0 0 0 0 
1 0 1 0 1 0 1 0 
Bit ke 4
1 0 0 1 0 1 0 0 
1 0 0 0 0 1 1 0 
0 0 0 0 1 0 0 0 
0 1 1 0 1 0 0 1 
0 0 0 1 0 0 0 0 
0 0 0 1 1 0 0 1 
0 0 0 0 0 0 0 0 
0 0 0 0 0 0 0 0 
Bit ke 5
1 0 0 0 0 0 0 0 
1 0 0 0 0 1 1 0 
1 0 0 0 0 0 0 0 
1 1 1 0 0 0 0 0 
1 0 0 0 0 0 0 0 
1 0 0 0 0 0 0 0 
1 0 0 0 0 0 0 0 
1 0 0 0 0 0 0 0 
Bit ke 6
0 0 0 0 0 0 0 0 
0 0 0 0 0 1 1 0 
0 0 0 0 0 0 0 0 
0 0 0 0 0 0 0 0 
0 0 0 0 0 0 0 0 
0 0 0 0 0 0 0 0 
0 0 0 0 0 0 0 0 
0 0 0 0 0 0 0 0 
Bit ke 7
0 0 0 0 0 0 0 0 
0 0 0 0 0 0 0 0 
0 0 0 0 0 0 0 0 
0 0 0 0 0 0 0 0 
0 0 0 0 0 0 0 0 
0 0 0 0 0 0 0 0 
0 0 0 0 0 0 0 0 
0 0 0 0 0 0 0 0 
