238 108 6 204 176 193 89 109 3 26 182 229 123 29 151 121
79 137 116 106 180 151 104 209 226 223 207 82 107 31 30 130
218 155 99 12 102 108 196 105 238 233 175 64 164 220 170 189
194 3 207 196 57 18 224 53 170 145 243 132 63 120 216 144
84 140 238 60 155 70 95 95 57 109 16 13 49 23 32 186
136 63 175 73 189 131 173 154 202 26 80 77 214 135 46 51
140 202 214 245 79 15 131 29 24 95 185 67 152 181 170 67
67 236 174 29 112 12 109 137 252 180 141 155 249 149 18 213
167 242 109 185 144 16 135 37 127 204 230 36 229 164 210 5
226 184 46 222 246 102 54 206 37 189 109 211 154 213 137 192
89 82 223 20 208 228 122 115 186 192 18 60 131 177 97 120
195 13 214 224 127 95 234 51 241 230 138 133 162 76 66 163
33 195 116 3 12 162 64 182 96 228 13 61 106 152 104 101
66 57 137 195 67 155 187 73 158 224 58 177 209 229 150 85
2 22 182 25 141 233 229 34 85 177 157 82 33 163 152 74
80 254 252 218 52 176 156 131 22 220 247 238 177 177 115 23
224 89 242 183 37 135 122 98 246 71 124 223 162 208 235 119
81 244 70 161 126 106 194 228 209 150 87 102 224 67 115 42
