##########PIXELS CGC 8x8 Ke-0##########
-----Bit ke-0-----
0 0 0 0 0 1 0 0 
1 0 1 0 0 1 1 1 
0 1 0 1 0 0 0 1 
0 1 0 1 1 1 0 1 
0 0 0 0 1 1 1 0 
0 1 0 0 0 0 0 1 
0 0 0 1 0 0 0 0 
1 1 0 1 1 0 1 0 
-----Bit ke-1-----
1 1 1 1 0 0 0 0 
1 1 0 1 1 1 1 0 
1 0 0 1 1 1 0 0 
1 0 0 1 0 1 1 0 
0 0 1 1 1 0 0 0 
0 1 0 1 0 1 1 1 
0 1 0 1 1 0 0 1 
1 1 1 1 0 0 0 0 
-----Bit ke-2-----
1 0 0 0 1 0 0 1 
1 1 1 1 1 0 1 0 
0 0 0 1 0 0 0 1 
0 0 1 0 1 0 0 1 
1 0 0 0 1 1 0 0 
0 1 0 1 1 1 1 1 
1 1 1 0 0 0 1 1 
0 1 0 0 1 1 0 1 
-----Bit ke-3-----
1 0 1 1 1 0 1 0 
1 0 1 1 1 0 1 1 
1 0 1 1 1 1 1 1 
0 0 1 1 1 1 0 0 
0 1 0 0 0 1 1 0 
1 0 0 0 0 1 1 0 
1 0 1 0 1 0 1 1 
0 1 0 0 1 1 0 0 
-----Bit ke-4-----
0 0 0 0 1 1 1 1 
0 0 1 1 1 0 1 1 
1 0 1 0 0 0 0 0 
0 0 0 0 1 0 1 1 
1 1 0 1 0 1 1 0 
0 1 1 0 1 1 0 1 
0 0 1 0 1 0 0 1 
0 0 0 1 0 1 0 0 
-----Bit ke-5-----
1 0 1 0 1 1 0 1 
0 0 1 0 0 1 1 1 
0 0 1 1 1 0 1 1 
0 0 0 0 1 1 1 0 
0 0 1 0 1 0 0 0 
0 1 0 1 1 1 1 1 
0 0 0 1 1 0 0 0 
0 1 0 1 1 1 1 1 
-----Bit ke-6-----
1 0 1 1 1 1 0 0 
1 1 1 0 1 0 1 0 
1 1 1 1 1 0 0 0 
1 1 1 0 1 0 1 1 
1 1 1 1 0 1 0 0 
0 0 0 1 1 0 0 0 
0 1 0 0 0 1 0 0 
1 0 1 0 1 1 1 1 
-----Bit ke-7-----
1 1 0 1 0 0 1 0 
0 1 1 0 1 0 1 1 
1 0 1 0 0 0 1 1 
1 1 1 0 1 0 1 1 
0 1 0 1 1 1 0 0 
1 1 1 1 1 0 0 0 
1 0 0 0 1 0 1 1 
0 1 0 1 0 0 0 1 
##########PIXELS CGC 8x8 Ke-1##########
-----Bit ke-0-----
1 1 0 1 0 0 0 0 
0 1 0 1 1 0 1 0 
0 1 0 1 0 0 0 1 
0 1 0 1 1 1 0 0 
1 0 1 1 0 0 1 0 
0 0 0 1 1 1 1 1 
0 1 0 0 1 1 1 1 
0 0 1 0 0 0 1 1 
-----Bit ke-1-----
1 0 0 1 1 1 1 1 
1 0 0 0 0 0 0 0 
1 1 1 1 0 0 1 1 
1 1 1 1 1 1 0 0 
0 0 0 0 0 1 1 1 
1 0 1 0 1 0 0 0 
0 1 1 1 1 0 1 0 
0 0 0 1 1 0 1 1 
-----Bit ke-2-----
0 0 1 0 1 1 0 1 
0 1 0 1 0 1 0 1 
1 1 1 1 1 0 1 1 
0 0 0 1 0 1 0 0 
0 1 1 1 1 1 1 0 
0 0 0 1 0 0 0 1 
0 1 1 0 0 1 1 0 
1 0 0 1 0 1 1 1 
-----Bit ke-3-----
0 1 1 0 1 0 1 1 
0 1 0 1 1 0 0 1 
1 0 0 1 0 1 0 0 
1 1 0 0 1 0 0 1 
1 0 1 1 1 0 0 1 
1 0 1 1 1 0 1 1 
1 0 0 1 1 1 1 1 
1 1 1 0 0 1 0 0 
-----Bit ke-4-----
0 1 0 1 1 0 0 0 
0 1 1 1 1 1 0 1 
0 0 0 0 0 1 1 1 
0 1 0 1 1 0 0 0 
1 1 1 1 1 0 1 1 
0 1 0 1 1 1 0 1 
1 0 0 1 1 0 1 0 
1 0 1 1 0 0 0 0 
-----Bit ke-5-----
0 0 1 0 0 1 0 1 
1 1 0 0 1 1 0 0 
1 0 0 1 1 1 1 0 
1 1 1 1 1 0 1 0 
1 0 1 0 1 1 1 0 
0 0 0 0 0 0 1 0 
0 0 1 1 0 1 0 1 
1 0 1 0 1 1 0 0 
-----Bit ke-6-----
0 0 0 1 0 1 0 1 
1 0 0 0 0 1 0 0 
1 0 1 1 1 1 1 0 
0 0 1 1 0 1 0 1 
0 1 1 0 0 0 0 0 
1 1 1 0 0 1 0 0 
0 1 1 1 1 0 0 1 
1 1 0 0 1 1 0 1 
-----Bit ke-7-----
0 0 1 0 1 0 1 1 
1 0 0 1 0 0 0 1 
1 0 0 1 1 0 0 0 
1 0 0 0 1 0 1 0 
0 0 0 0 0 0 0 1 
1 1 0 0 1 0 1 0 
0 0 1 1 1 0 0 1 
1 0 0 0 0 0 1 1 
##########PIXELS CGC 8x8 Ke-2##########
-----Bit ke-0-----
1 1 1 0 1 0 1 0 
0 0 0 0 0 0 0 0 
1 1 1 1 0 0 0 1 
1 0 1 0 1 0 1 1 
1 0 1 1 1 0 0 0 
0 1 0 0 0 0 0 0 
0 0 0 1 0 0 0 1 
0 0 0 0 0 0 0 1 
-----Bit ke-1-----
1 0 1 0 0 0 1 1 
1 1 1 0 0 0 0 0 
0 1 0 1 0 0 1 0 
1 1 1 1 1 0 0 0 
0 1 1 1 1 1 1 1 
1 1 0 1 0 0 0 1 
1 0 0 1 0 0 0 1 
0 1 1 1 1 0 0 1 
-----Bit ke-2-----
1 1 1 1 0 0 1 0 
0 0 1 0 0 0 0 0 
0 0 1 0 1 1 1 0 
0 1 0 1 1 0 1 0 
0 0 1 1 1 1 0 1 
0 0 0 0 0 0 0 0 
0 1 0 1 1 1 1 1 
0 1 0 1 1 1 1 1 
-----Bit ke-3-----
0 0 1 0 1 0 0 0 
0 1 0 0 1 0 0 1 
1 1 1 1 0 0 1 1 
0 1 1 0 1 0 0 1 
0 0 0 0 1 1 0 0 
0 1 0 1 0 1 0 0 
0 0 0 1 0 0 1 0 
0 1 0 0 1 0 1 1 
-----Bit ke-4-----
0 1 1 1 0 0 1 0 
0 1 1 1 0 1 1 1 
1 0 0 0 0 1 1 0 
0 0 1 1 1 0 1 1 
0 0 1 1 0 0 0 1 
0 1 1 0 0 1 0 1 
0 1 0 0 1 0 0 0 
1 0 0 0 0 0 0 1 
-----Bit ke-5-----
1 0 0 0 1 0 0 1 
1 0 0 1 1 0 0 1 
0 0 0 0 0 1 0 0 
0 0 0 1 0 1 1 0 
1 1 1 1 0 1 1 1 
0 1 1 0 0 0 1 1 
0 0 1 1 0 1 0 0 
0 1 0 1 1 0 1 0 
-----Bit ke-6-----
0 1 0 1 0 0 0 0 
1 1 0 1 0 0 1 1 
1 0 0 1 1 0 0 0 
1 1 1 0 0 0 0 1 
0 1 0 1 0 0 1 1 
1 1 0 1 0 1 0 1 
0 0 0 0 0 1 0 1 
1 0 0 0 1 0 0 0 
-----Bit ke-7-----
1 0 1 1 0 1 1 1 
1 0 1 1 0 1 0 1 
0 0 1 1 1 0 1 0 
1 1 1 0 1 0 1 1 
0 1 1 0 0 1 1 1 
0 0 1 0 1 1 0 1 
0 0 1 1 1 0 0 1 
0 1 0 0 1 1 0 0 
##########PIXELS CGC 8x8 Ke-3##########
-----Bit ke-0-----
1 1 0 0 1 1 0 1 
1 0 0 0 1 1 0 1 
0 0 0 0 1 0 0 1 
1 1 0 1 1 0 0 1 
0 0 1 0 1 0 0 1 
0 0 0 1 0 0 1 1 
1 0 0 1 1 0 1 0 
0 0 1 1 1 0 0 0 
-----Bit ke-1-----
1 1 1 1 0 0 1 1 
0 0 0 1 0 1 0 0 
1 1 1 1 1 1 0 0 
0 1 0 1 1 1 1 0 
0 0 0 0 1 1 0 0 
1 1 1 1 0 0 1 1 
0 0 0 1 1 1 1 1 
1 1 1 0 1 0 1 0 
-----Bit ke-2-----
1 0 0 0 0 0 1 1 
1 0 0 1 0 1 1 0 
0 0 0 1 1 0 0 0 
0 1 1 1 1 1 1 0 
0 1 0 0 1 0 0 1 
1 1 0 0 0 1 0 0 
1 1 1 1 0 0 0 0 
1 0 0 0 1 0 0 1 
-----Bit ke-3-----
1 0 1 0 0 0 0 0 
0 1 0 1 1 1 1 1 
1 1 0 1 1 0 0 1 
0 0 1 1 0 1 1 0 
0 0 1 0 0 0 0 1 
1 1 1 1 0 0 0 0 
0 0 1 1 0 0 1 0 
0 1 1 1 1 0 0 0 
-----Bit ke-4-----
1 1 0 0 0 0 1 1 
0 1 1 1 0 0 1 0 
1 1 1 0 1 1 1 1 
1 1 0 0 0 0 0 0 
0 0 0 1 1 1 1 0 
1 1 1 0 0 1 1 0 
1 0 0 0 1 0 1 1 
1 0 0 1 1 0 0 0 
-----Bit ke-5-----
1 1 1 0 0 0 1 0 
1 0 0 1 0 0 0 0 
1 1 0 1 1 1 0 0 
1 0 1 0 1 1 0 1 
1 0 1 1 0 1 1 0 
0 1 0 0 1 1 1 0 
0 1 1 0 1 0 1 0 
0 0 1 0 0 0 0 1 
-----Bit ke-6-----
1 0 0 1 1 1 1 1 
0 0 1 0 1 1 1 1 
0 1 1 0 0 0 1 0 
1 0 1 0 0 1 0 1 
1 0 1 0 1 1 1 0 
0 1 1 0 1 0 1 1 
1 1 0 1 1 0 0 1 
0 1 0 0 1 0 1 1 
-----Bit ke-7-----
0 1 0 1 1 0 0 1 
0 1 1 1 0 0 0 0 
1 0 1 0 1 0 1 0 
1 0 0 0 0 1 0 1 
0 1 1 0 0 1 1 0 
1 0 1 1 0 0 0 1 
0 1 0 1 0 1 0 1 
0 1 0 0 0 0 1 0 
##########PIXELS CGC 8x8 Ke-4##########
-----Bit ke-0-----
0 1 1 1 0 0 1 0 
1 1 0 1 1 0 0 0 
1 0 0 0 0 0 0 0 
1 0 0 0 0 0 0 0 
1 0 0 0 0 0 0 0 
1 0 0 0 0 0 0 0 
1 0 0 0 0 0 0 0 
1 0 0 0 0 0 0 0 
-----Bit ke-1-----
0 0 1 0 1 1 0 0 
0 0 1 1 1 0 0 1 
1 0 0 0 0 0 0 0 
1 0 0 0 0 0 0 0 
1 0 0 0 0 0 0 0 
1 0 0 0 0 0 0 0 
1 0 0 0 0 0 0 0 
1 0 0 0 0 0 0 0 
-----Bit ke-2-----
0 0 0 1 0 0 1 0 
0 1 0 1 1 1 0 1 
1 0 0 0 0 0 0 0 
1 0 0 0 0 0 0 0 
1 0 0 0 0 0 0 0 
1 0 0 0 0 0 0 0 
1 0 0 0 0 0 0 0 
1 0 0 0 0 0 0 0 
-----Bit ke-3-----
0 1 1 0 0 0 1 1 
0 0 0 0 1 0 1 0 
1 0 0 0 0 0 0 0 
1 0 0 0 0 0 0 0 
1 0 0 0 0 0 0 0 
1 0 0 0 0 0 0 0 
1 0 0 0 0 0 0 0 
1 0 0 0 0 0 0 0 
-----Bit ke-4-----
0 1 0 0 1 0 1 1 
1 0 1 0 1 1 0 0 
1 0 0 0 0 0 0 0 
1 0 0 0 0 0 0 0 
1 0 0 0 0 0 0 0 
1 0 0 0 0 0 0 0 
1 0 0 0 0 0 0 0 
1 0 0 0 0 0 0 0 
-----Bit ke-5-----
1 1 1 0 0 1 1 0 
0 1 1 1 0 0 1 1 
1 0 0 0 0 0 0 0 
1 0 0 0 0 0 0 0 
1 0 0 0 0 0 0 0 
1 0 0 0 0 0 0 0 
1 0 0 0 0 0 0 0 
1 0 0 0 0 0 0 0 
-----Bit ke-6-----
1 0 0 1 0 0 1 0 
1 0 0 1 1 0 0 0 
1 0 0 0 0 0 0 0 
1 0 0 0 0 0 0 0 
1 0 0 0 0 0 0 0 
1 0 0 0 0 0 0 0 
1 0 0 0 0 0 0 0 
1 0 0 0 0 0 0 0 
-----Bit ke-7-----
1 1 1 0 1 1 1 0 
0 1 1 1 1 0 1 0 
1 0 0 0 0 0 0 0 
1 0 0 0 0 0 0 0 
1 0 0 0 0 0 0 0 
1 0 0 0 0 0 0 0 
1 0 0 0 0 0 0 0 
1 0 0 0 0 0 0 0 
##########PIXELS CGC 8x8 Ke-5##########
-----Bit ke-0-----
0 1 1 1 1 0 1 0 
1 1 1 1 0 1 0 1 
1 0 0 0 0 0 0 0 
1 0 0 0 0 0 0 0 
1 0 0 0 0 0 0 0 
1 0 0 0 0 0 0 0 
1 0 0 0 0 0 0 0 
1 0 0 0 0 0 0 0 
-----Bit ke-1-----
1 0 1 1 0 1 1 0 
0 1 0 0 1 1 0 0 
1 0 0 0 0 0 0 0 
1 0 0 0 0 0 0 0 
1 0 0 0 0 0 0 0 
1 0 0 0 0 0 0 0 
1 0 0 0 0 0 0 0 
1 0 0 0 0 0 0 0 
-----Bit ke-2-----
1 0 0 0 1 0 0 1 
0 1 0 0 1 0 0 0 
1 0 0 0 0 0 0 0 
1 0 0 0 0 0 0 0 
1 0 0 0 0 0 0 0 
1 0 0 0 0 0 0 0 
1 0 0 0 0 0 0 0 
1 0 0 0 0 0 0 0 
-----Bit ke-3-----
0 0 1 0 1 0 1 1 
0 0 0 0 0 0 0 1 
1 0 0 0 0 0 0 0 
1 0 0 0 0 0 0 0 
1 0 0 0 0 0 0 0 
1 0 0 0 0 0 0 0 
1 0 0 0 0 0 0 0 
1 0 0 0 0 0 0 0 
-----Bit ke-4-----
1 1 1 0 1 1 1 1 
1 0 0 1 0 0 1 1 
1 0 0 0 0 0 0 0 
1 0 0 0 0 0 0 0 
1 0 0 0 0 0 0 0 
1 0 0 0 0 0 0 0 
1 0 0 0 0 0 0 0 
1 0 0 0 0 0 0 0 
-----Bit ke-5-----
1 1 1 1 1 1 1 0 
0 0 0 1 0 1 1 0 
1 0 0 0 0 0 0 0 
1 0 0 0 0 0 0 0 
1 0 0 0 0 0 0 0 
1 0 0 0 0 0 0 0 
1 0 0 0 0 0 0 0 
1 0 0 0 0 0 0 0 
-----Bit ke-6-----
1 0 0 0 1 1 0 0 
1 1 1 0 0 0 0 1 
1 0 0 0 0 0 0 0 
1 0 0 0 0 0 0 0 
1 0 0 0 0 0 0 0 
1 0 0 0 0 0 0 0 
1 0 0 0 0 0 0 0 
1 0 0 0 0 0 0 0 
-----Bit ke-7-----
1 1 0 1 0 0 0 1 
1 0 1 0 1 1 0 0 
1 0 0 0 0 0 0 0 
1 0 0 0 0 0 0 0 
1 0 0 0 0 0 0 0 
1 0 0 0 0 0 0 0 
1 0 0 0 0 0 0 0 
1 0 0 0 0 0 0 0 
